25,39
25,38
25,37
25,36
25,35
25,34
25,33
25,32
25,31
25,30
25,29
25,28
25,27
25,26
25,25
25,24
25,23
25,22
25,21
25,20
25,19
25,18
13,77
13,133
13,25
13,132
13,63
10,41
10,40
13,131
13,130
13,128
13,76
0,494
10,39
10,38
10,37
13,75
10,36
10,35
0,493
10,34
13,74
10,33
10,32
10,31
13,73
10,30
10,29
13,72
13,129
10,28
13,62
13,58
10,27
13,71
10,26
10,25
13,70
10,24
10,23
13,69
10,22
1,35
10,21
10,20
25,17
25,16
25,15
25,14
25,13
25,12
25,11
0,492
0,491
0,490
64,5
64,4
64,3
64,1
64,0
0,489
63,8
63,7
63,6
62,15
0,488
62,14
62,9
62,13
62,12
62,10
62,11
62,6
62,8
62,7
60,86
60,85
60,84
60,83
60,82
60,81
60,80
60,79
60,78
60,77
60,76
60,75
60,74
60,73
60,72
60,71
60,42
60,26
60,41
60,27
60,70
60,69
60,68
60,67
60,66
60,65
60,64
60,40
60,39
60,38
60,37
60,36
60,35
60,34
60,33
60,32
60,31
60,30
60,29
60,28
60,6
60,25
60,24
60,23
60,22
60,21
60,20
60,19
60,18
60,17
60,16
60,15
60,14
60,13
60,12
60,11
60,10
60,9
60,8
60,7
0,487
63,5
0,486
63,4
63,3
63,1
63,0
0,485
0,484
62,5
0,483
62,4
62,3
62,1
62,0
0,482
0,481
61,6
61,5
0,480
61,4
61,3
61,1
61,0
60,5
60,4
60,3
60,1
60,0
9,345
9,344
9,343
9,342
9,341
9,340
9,339
9,338
9,337
9,336
9,335
9,334
9,333
9,384
9,332
9,50
9,331
9,330
9,329
9,328
9,327
9,326
9,325
9,324
9,323
9,322
9,321
9,320
9,319
9,318
9,317
9,316
9,315
9,314
9,313
9,312
9,311
9,310
9,62
9,309
9,63
9,54
9,308
9,307
9,306
9,305
9,304
9,303
9,302
9,301
9,300
9,299
9,298
9,297
9,296
9,295
9,294
9,293
9,292
9,291
9,290
9,289
9,288
9,287
9,286
9,285
9,284
9,283
9,282
9,281
9,280
9,279
9,278
9,277
9,276
9,275
9,274
9,273
9,272
9,271
9,270
0,479
9,269
9,268
9,31
9,267
9,266
9,265
9,264
9,263
9,262
9,261
9,260
9,259
9,258
9,257
9,256
9,255
9,254
9,253
9,61
9,57
9,252
9,251
9,250
9,249
9,248
9,247
9,60
9,58
9,246
9,245
9,244
9,243
9,242
9,241
9,240
9,239
9,59
9,42
9,238
9,237
9,43
9,236
9,235
9,234
9,233
9,232
9,231
9,230
9,229
9,228
9,227
9,226
9,225
9,224
9,223
9,222
9,221
9,220
9,219
9,218
9,217
9,216
9,215
9,214
9,213
9,212
9,211
9,210
9,209
9,208
9,207
9,206
9,205
